$ANSIBLE_VAULT;1.1;AES256
62396534613231633530336663333039346164326235633863363935353964663233393937326638
3266643639336135346466373166366566623066373031340a393730343333313832303130336637
34363162363436366231653062363637303464363631303838306138373763353063306566363736
3634326662326464370a323339306634303661363364626263363966623933353130356632313936
32346231393363666266626436356232353664346136663438383730366233383538616638363930
62626631343632316662353163653235346361633331383361376663653036656234613362383630
66623532663738343065356637666531333264356532313064353436623663373530633639633166
32306263623862393539353435376136393230323936333236633538393766363165303966663239
63396339343837646132326466653932666165613962356632393038313066326262336138653738
62333839623730336332356633653535636239656434616533336565343234343135306164303834
39343236623739656566386137373531313739663264646166376262323639303737653330376532
38303262316631303561653966346166393562613665383736316663373930393331643165396137
37336461386261313639623033356361633735343737613063393765656563343434633330373631
33646463353634383165326263636566383030656666613735373437373935623261316662613633
36643438303237643836303663383236323537663039633937313164393463396336333930326262
31616366633230323462353738333463646162343761353330343230363938346666343933616161
36656665383539396639653663626666656562623661623537646231656239303464323539626530
66313337643465326163643337316166613439373935643561303366633935373965333138356634
35373336303434303437373834616230346163333933306233643763393466336333396563343834
35333130333834303439353932383831636264366237306138653465386232386137333336303032
37623263343335333661356431303431666631386461363766643865353361306235666335306630
62313333663161613466303731646132653833363866346231393238623830303530636332356435
61663436616462333466653435613862646466396232666466653337383436663563326638613636
37366664333766663433643564333831336434366636363562633632633766646562653733343733
62633564396332623030366661316233356434316539313634613461353566313837613535333662
33643063373034663431666435306430393261613266333161653363663763653964633463636264
65316466363034336564333966373939333064343530396530653461636230616334383632303733
33353434313161363739323334656563313030336333333739633765393131313031346465626231
32653062313939316533646262313030616163393761316164393034383133383732343866346532
66393563663235643434396466666166643239333535666137383964613534616335323365613935
63663162656263653236666139323162363963313162303330313265353131643436393737303131
33613438303336333030636661353334636633616363313834333964623431393463396533383561
66393836386130383466643065356435303831653832343263633434623761376133663137653464
61383138613639313937623835313033663561303964663738626665396139316666656664646430
32383538633762613739636561363431653965653537326561656139363262646261343635313562
39616132373865316133623938393738386533336461656135663166633166333237646338376434
38633862376334666633373432393161633361626534343733373637623832316534653464363137
65383432393864323666323164373966373036356264636132663038356364643963633862353965
34316532656437373162333165363633343061346539613733306663636139613462343532306632
38383563646164306434376361383536646437326563643335396631663034306466363639353364
30643436633262633831333466366433633264656662356534623162376163646135333863653733
37346565383339343238383736383231353561336232313530623431616165323865303230313337
32383236623637343932323135356230313631303332323736303034396230373063666562343261
32353538323136383135353730356632666464313865346138326562616166383733643239363130
39646133666134383137353162646531326133356531366434613563346634363263343166326433
33376466613034383561396230613238643962613363633334383865663965366663656236653466
30396233343066333664363435666165303830663035643264303938313034386465383837306538
32306438336562343137303538633865666234613365623762313761656339393331393635326530
63313934323135663331393863613465666161656134633833363236616262303666313639663232
66303739386363306363333332633334643164646561343930633332306164353262353637323864
38613432333233633565633863333938383864613131616263363933376231356565316636393738
65396131643263636333323237643562626639653735363235306337636335646538356132633030
31613536343161623632346536303163333062373030613032663439616163623735353364646135
32616439656232336530393434643638343032613438663032383531623764616163636161653366
66646432326666633262656431643334323965313732643461646564376337626530656336653163
39333464386665313634323237303833323839363037353638363565396362366138643139393164
62623332323763396138663036613039666163366665313666613064626566633161633662363564
64663033616331306362356138376434613234613430643734643538323761646432623064376232
64343762636239343839303939363436336233393432326235666366323664663261363034373237
64646334343164326462633735343837333734313735636566656133313438643261343965313731
32343431663039343366316433386465313364343334636536316564383564336233336565656237
38653437366661366134653735303135333366313130656266326633333666636230363231323736
66313239326431303663386237303561356137643462306461373361616262376361313564626635
32653665336130613437383138643438366666663334613738363136343630323161353865323537
34346132613262623832623833353066363539366135343838653334613066306264636432653337
33613661646466326463313730613566636436663564343539393836663232613930663031343663
66636136373537626538646139303639613930396238646533386665343332383632316634653232
37656136306435363135333161303334363034633532323565316638626139613561303939383064
30333962346564303165313564333362383437363737353864336631393861363931643061653632
32303361396334393435393361626663326431313062616531636162616264383131623435373436
62666535636465663335373135333439666665333839303739393238646134363462303838316161
61653537613062316638663862303637346161326139633164326665303538346464323430663864
35316362303135623663383363616236393933353262386562626262333335336463343333646334
35646531326132653361613230646566623638363538343233336463643036376635613432323832
34343966326338646333366431396564356433343433376162353163636665393062333033396135
65356431326232366333666266353135646236616538366466313135346539373938363566306230
35373833393265616630613161353263643931303837313662346664343862396231353037633034
63343831666231373162366634643632636664663762363432373861666439626465393733653237
39383736626237623236633365376265343966316633373832616239613639323131663361643432
30626636633532386333333334303133666539336431623235333337343034363235386462353336
37383261303833396265323138623362623262363734353735373761393734383464653561326333
61376234323763613535383334373066353239616663303462343833623964353739306238323036
35663638366237633963353462333565336332626137623030366136366263393338393666386335
30396537643532626133323966303336313735373461363831663334373039323065613164613136
37393064633934623330643839333835396238303438663162373834356664393334346232653566
37316333653230393265313738666466363538353830383862376631366233306264333265336263
31303162653934366563636566313130333730313739393263336466656139343163306430393736
32666630636462363765633039366534306465353838313233616666666363343365316663386530
64636262653962373930643862663833306532633036343435613439373036383730393261376432
36343939616661316266356364363565336432333035323064323234323533633763326434633262
33376436323039326430303431343336663464333064663035663365396435633531323936306562
32356665666334353164313035306530393865363961353661646236353732333232623565663465
65616438666231326238343565316436623233353737623238663132383237643439653862643566
31376439346639636334633430633532383838356433313864666462653230653439316330383337
38633965386130623763666661653431346161333537373731356534306139613231353564303665
38623730363432653737343661313533663631633465306465326639666463613763376335393738
30396166663065613563313334373261643065653664346339383162353437303737356538393134
31356233636231643832366137323136636439323662396235333763653331343962393631656536
61323361336164386234363064613661616233326539383536316434396563623138656239386533
65323335393836343033646364663230346631656662316631383932643435363630313263353664
66643862626564623836383839616234323139356537623066663234396130343834353236393936
64643030633165323333616236386530313537343139633763666535303865366265623439653765
61643965653838393361373966393634613464313734623062623462306332643935663630373236
34393136663033313164316432613062363533353132353131383539313335393135373366333832
35313935383962316131333832373536633536613733623139306538663431623532373432343133
38636161323165393537303363373936653537323937323561373338336136633664363934646635
64323832613837393031623735663335336666373736666339306636343466326263646432313130
31653137363466626639373730623131373961636433346130356564326137323362643834623731
33316530623333613561333430626130646663626438323632323833383866333163376437663064
63656437306139383837366630393838663366616531623162623465363638326565323333313736
66643862366634363862396533383336636561313361666633623432343866646631613636396631
62623562373239316132613562326463623065323435343366356134363564633836656338643035
66396332613261343636363864623631643139326530633339613131656433646334626561376432
66666232383938623839643738636464636530316463366330666132376364383932306536363531
64366631353966326339363832373235623434666662356563363664386638616265613036386261
61616331303336663465326638306339356235303933333231326462643634346333663632626635
32636162613232323237646161323332333564383034663033623234366133373333333831303234
65643435643333636166326235313264613062646634366136316362653833373331656266613766
38636436333533633731636465336231666230626235626130363463396435303736373363373230
62346136613662653166336136656435313635646132353264663631636130306632656432386333
66643639616436643730663335613730386435666366366535653933373330323638333836303264
33666337393263666631636366356266616336353230376634316236393964396461633661633832
32323464363231303434663463383861343065393566306131626566353636306662653130626131
30333638336437616336636635663834353831363131316234636533393039363935373932363737
36386430636233663635393032373731646132346137306330363438396262353266633133396561
63666530336565663739623334643465313135363039373163376364636464616166656233343633
32616266613430636437366366643832333062373339306637376361366136326239666535353261
39356432613961393935653234313635383835356138346261373133353866373865666130313961
37353136623639653762393738333831393361333561653232653632633131346636616462393035
35326638316366613234396564666138333235643937613536356431303336646164346365376437
37646231346131356337663337643536383931313936623135356232306336353933623563303161
33386634663536633938396365373532343435613662356564383732623239616163313033666234
33613665393533653065656661633537663633373063373932613632623138363466623636643932
3866613736356666623062303037326664333339326132386133
