$ANSIBLE_VAULT;1.1;AES256
33343763393338373464383639613762376235616339393864353330653463666361343262633934
3735396537373466373661613062326639326531313164660a376362643431366666326330336631
34616564316165373935363362313334306235643036366566343531316566616363326635633462
6335623837356336320a666165323938323335323231343262353635666335616138386362323230
33613166376366326539666338623263393963613265386534633165376436303438636632376265
30633361343630623534346663663230373964393731396237336363383438376138353935303136
38396661643631396236363763373939303766316534326430393936643631393234303133383763
62353736353939396262383035386162626132623935663964666462633634613365303230653338
36373030396538313035633634333233363137653262303836663532666533353639626230316264
65643031333565633365363730663163643866396438636165373833303438363131303061666563
39663133313036316635383566613532333539663366623130633363643238616362326336613230
39303038333764643361386361336533626632323733646565653532636566636661326363653937
32626663616430313932356330353363663933353862383935356466316231353832373736386636
33616136393834613562373736313132306639633937363565383063663561313138313537616233
62316437326564396535396265386265343665613937653134316435636161396434383237643133
37356532353736306438316333313164356364666235633638346461343065616364646434643237
62363562613363616333393464343836623164326635306461613634653561643165616462343038
39656139623866363066626661623263666661373165333362643739373763633963386338623333
32376231373335323937656362623261663136303164626364613263376233393966616436303438
30393563303161356134633534616239656533333332623438643262613230626239326566613436
66363463333933626364653963653930336164353939613338633036343334653666356437653366
65633530626261363363343138636430356538353939643232633161303133336566396137343564
30333236663734636466393130383562386332616233343861663834303432306534623265323338
66633930366533666235306635326139373332323961663333343666623264646566626235666638
64303030643936303032363832353265376161323961646234346135643636666566303032663137
35323936643034623934613765623730343036636637646638343761393235663037336235623035
37373865666531353739613966653834623030623333633161326135343434613935656234656663
38633233333466396166356336633836353163386434623464323233383937353830643233393766
64643139633733633038333461623365383665336133303634343933313638623531303038623338
34633031663338633638663136623832303266623564323035386438386465636433323439303933
39633938356562363037306435643037633738356530323236373964386636366631303432633438
35323962333233633064373930313330623233613464636436373763643536353039666335613834
33386638383366636531383464383730373733326266343533633164633733646562303938623433
35383866393434386430393534643639326134663461353266343037663566356261336563336165
30396466623065633632633138333932383166373331326437623566366138373166356239646439
38313131323938326263316464393732363030613464323465336130363839343965656236353138
64323734333834633666386136323434666264373639633138353336313831643765376261313039
37366138353732393635366131623239343434356265633739613731613934613038623561323734
30653463353138356336353131613135343866343531343738336665666131643233383665393464
35353630363562613935373331613266366230373334616631663030396435626237383435626230
64653335383164353763663764313064343232376431616233313262356236663735373736393064
61633635613135643135653137643463646161383033356265356539633731326539353333393735
30383531376364616133626662633364376266353934383039376236623832353130396361386432
64353464623235323634626562373861656635643238306536643161623231356331383964383730
37313330666434636333383164646535383463626334393961633434373832393463393239363938
37383239363039353461636261363663663161316336636536356336333137343730663066303239
62366161333733666465386262666532356262613133333534306634333565323938343633363130
32633335363462316564646535396138353838663063313831383566656162616561636134643831
37646535323338653737626637306562626537656230626264313861383162306533373338613630
38306535643637653631323333303265386631626365613866353939643137646335643231616536
35636130326236656138623837636265343062306539343564373030373665316632636232363861
32336361343661303030373830393762386532386636393435343965666331356330383338333765
34613938373232623465366564623033323137373563646439356433303665656663346139616431
61316464313861376661396165313836643765346361363139353232323365373139393666653034
38313863643661656130633030613362303134393339616662343134613937396437653439346661
38363632333735623265363631366661323731643462333164336264633832366263393139393635
37646663303934353731333338663134393739316434626664383136656230383365666139366662
32633735383732383337373461343734386633323136626335383939616563303365626461356434
38333965373964393930633066373332326136333466346431363836323037306536656536333531
39613631343333666165656630393864376366313637616138616232326639303264386565613830
32356637643037316164643337396331316266346662663834343866363964346332626139623438
38643361353463373838376561653339306130623536336661316331316437646531613431613764
63373662616139613166303135306430643164373432653739353537333337336434333339323138
33633964383932626464643365366633616165313761623961663463663731663862633963303362
66636538643430666265663161356239336463663031363036313936383637373039666437646365
34356535353930343564396231313062623537303166343962643164393464356662623261646266
31663762313634356563346163303866376466353432643264343961303266343433613435643738
63616166643865613061316365373937353636383239306635616633373337616232353437383736
65363837366163343163363037346338316265656664316339313337333131653638653433653833
61393163383936313762373639336338323735643935616564393536386437363862396434656237
36633063643332323062663836373762393335313864353536313462343733623161376139623961
34643536666533356238363661323631353061333232636132356162646637633936313437313637
65613438313862306362653834303432636532653763303433343632613565343038386363643263
66383934623766346130383631613032303631356638646231343038316436666634313939343137
35643863313836306235613231626233336264366365633037663566376362316534343662386561
35303833636532643437343464656132336665656134393138303732626538303237353263613761
61306431613863386237333865646361626630633662336339383962363631353061363135353130
63633239613866623966313230343863663433393362353462376263653037346664363931613334
36666336653165333835353035663434323834353664353531333961656238363563346565636639
36336632633031663464323536666162663232663733316366626533363332383537396164613033
37346563363765386331633636386637343733366461336430653266663631323564356666333338
66303061323839386131633866303262333234633364613363336431633065663363313131396265
66616564386337366537343631326132663661356330383639653433383639303663663131313936
35653432346235663232633734653165366663653935363634376631313736356662636363366334
30363136333631626362613465623461386265386463373430316261616531333038633835353433
33313936353466303333666365376239646363386263656339313130363461366136336132633632
33373430396232626631383530343534393739393139666262626663636464613162323831353833
31323737383439373566363538303262646462303438623332643430643261626237333161653239
37653331323339396332313637386438326438666231346131353163613462633761393063636332
62633233363062656436393339393739613931326530366530373463343938343538623632393564
30366266643039653261623334643237346661306132376464393235333865666164623331363632
66343034623864323364303738393838313963633163323364353630396331313038353938316236
66613063346665353130386133626639653962363834333737343537353062346631373065303032
65303365633963316665326562326662363838333934396332336364653962653339613738613562
30636661396438353238326262303763326338653638373435663633323038346432613435633033
66633233393532623433383261643434653362346330393466363836313235633166326631643132
32316636653161623761616436666664383163613336376263373934353863346365633963336639
65323239393733613132653736623330633165643931666566373265343733313332643634383033
31643738613234343863303637313262663239373931656262653438383536323833376266656262
37353064303365323062633130656262646632613331363365663430616531653339343530623065
36313135386332336365623365633835393061643535633264376432376262633463643833303664
61393630393732336633636539396563353735343530626365656331333264663436633264666463
32316466646439666564323266323333373734663266336437666336373739373965656131353833
63323633613936396539336434353033336431626236626466326538306130373237623564343861
64356564653366343132366566343761633865613339356239303238333030373633323132643063
64613933613865353334366237393863356263386566646139656165373431646534316365636366
66353064616537633934386162363730656530306633633530343636376431363733623863326632
65396665336136643230326134353935626535626563353563356437386166323965333731313636
34653437356235373635333631333162343938633362656130323766626135366562626539646138
39373333636433626666376262613739653733643838366566363663343730653537326563616563
37626434623163326361373263376331303036306262666539306136613537643232646366663562
31663766666562366632386637383033393232366433396636326263396534663239613161323231
62666664613063316232313035653939616365643737303937363437643661353062346335633338
30646436323862653763373966613832323863303435653036616430313432613039383163393633
37613662636266643566363434613466633962646632363963333063323165326530306438396432
30626362303131643762363431643165613333313437323936316332356237353032383936396635
63633737383861626366636433373861316435393666356165646539346538366134356530336631
62643865636534303034333762306634666230353535383862353834383661353963323534313636
64373832613132346531333562383731326635353832383866623164343539653334343664333633
30353765613139316162363633656631333935316538336539306662343635316539383763313166
66313030373962646331393839626533616437643536356139383963646639363234353539643838
61306135313865633530656664323834386233353135336138313165326562393432623365643539
35396164633464393937636131366334313066343531356661643261373763326230336563613961
37303635396530353739376364313763393661336237383535616335613836633261323631383966
39363433663235646632616661396535646633623430313364623633326361333665306266383562
36653836383562393634353562306532356639303962343063303432613465623438373865353362
35373138303066366365323933346536343130343433636363373861633234386438333165623333
34346632346531333738313033336362333566653133353033386262643037343963636563626633
38363261363933353337653935626138636531396430313764643866633633373933666332303564
65396263613134383162303361626137643338343164366130363437326264353732323937646335
64623962366337396130373036353738373332656163313866366265383562663531346336623737
31376362363936343432663838663538386362363262613766656434336561306637313137306432
64623963336261646637313539366336613964303234316231363737653533353663623632383162
3165656566663030613030376539303838633763636661336634
