$ANSIBLE_VAULT;1.1;AES256
36326439346636373039616566346434373132666564646366313566643461316233323832353738
6261626339393434666234303166613030383931363266350a313765346634633734363533643935
61633237323434363632393966363339333535663562643435643564376263333964356633353435
3435366337323061640a353834643234653063613465313562613839336436303333613137633932
62356230613830383766353462656636626531633166333336333836316664323934643565376232
66323236303634386164333965343639363938353334623132366433313131643731613532633932
66653866386132626439626533303130396435373139336139386634663566663763303037386434
34653739393432666238663831643332333733393166343538633161653866633066393639306531
62363130386439363862653436653630323136376336333539663362663336663066343663343738
61656636653165363634656132663330343262656165323736313662656537303838653561396165
37666666353638653561353561663266333530653937363465313539356237373063386630626334
34623931363332356165313230383839306565323838636161326639646331373365353134643438
39343534353635656462353132616162376530356134306538333138303634626131313934396135
33663235663766373834663733366563373236633161303234623638313364346434623361333738
62306666633336313766366661306365386465336561663031626438386164323763653836353638
32363936663132303835393839356531356365616662663831383439313833363661383833643563
32386639313237373432643435343163366161323661396363646433336262616437663534323930
65326361313936643432323839356365336635666430643263396365376666303934396537313434
61353539383834386265346431613832666562373337363332323633656537353033366664313839
37633331613430376566316634393665333839313433386236393239383262616437623837623432
63626666643530663138323936656537313833386539353561636561326166353161353735653933
35313138356239313766316564366535636339326465376565623935343761313035653738656436
35336236396338383963336130333365336230333731663932333932333130383439316461316530
30323962646562643462333736643838333364343630323861383066613064313661636131636639
64646565346130323635373964306366363336373963376235376131396436353864353564626635
35636565313432343365633239613835346235306364643965633339323530353563386665383133
32616539306263666436633864666231366537383838613763323730353966623534623736303930
66383038663432616632383930646533303239316237336337383862393461323838616432313538
39386632333431653735383333363165616139633961633936613366373463373863633237633631
66373734313033383130343936306562623936323365383033313538353136643865643837303134
66363365333332306434316130333966613964623034336161343339333936666636393664356534
65653736336632653664346437376633333831316334316166333365376437663561376338656638
34303565313132393766353366626338633866326666636633326430353530316533376339656631
61633762373762346532343437323837383137363636666437356334343439336364393761323632
32313130633934326536376266396165636161333633643838666163636637313433313464656238
39613265366435323061356637393263323736653862303761303834666136326438346631383435
31326362306138653961323564386636646561616237653934633230373337373562353836336261
65373936613337373831633632373463336138393730313764633065636366653738393334616633
35636237373637343732663939666561316131323939306238376132663233373063623639336362
36353436303939343830633563363264626565343661626633323930663837643463633665643065
34353336373064616534666464353039323330393764653631383230373939643339346631396433
36633133393437393736303561376136393662653535346665653065353739396166653362386636
34316534633134363863373230303330626661633962636664353835323535383664393537343634
30336366646162303331346335323335656336663466643164666532353263383363633035336264
66303830303931626661656434393637323633346165393932623362626334643431313335366535
65623265366138613630313830643234376362366237366233636338373037386533306432663031
61353464333135613432623532663034353261313234333430636433343133333065353065306461
34343838393762313430316134366538646637666139626537623062306464396337306531383138
34623030623163636436623866383835393537323731646438623832313562313061366230323834
37613134343639373938646433623866396533626363343036336130656364643330366330363366
31653635646234623139383161623064623336626132326434613534646333636238383263646338
62353539346339343936316434613636323861623065643233373561343233643332643764393664
37366162323961383438636363373331333836323835313938356462313534663166313331633532
31643333616431653232306137383462353138643037656134656464656236393137363064343537
35626533383962366361633232333061303962356638613166613637313437633736633962393331
63646139346636333766353439633861376633663065626531646534633365613030373062383063
38313531363433373863373133653161323633306136393433623132656664323961303663373734
36643731626330653739326635306239346131643065653830303164653536393537303937336330
36346563376638633563376139393734623330303934666532396364396630656631313464386334
62653835643366383738636339306336363465613530653533613836343631373330326666613434
30666564356232363634376166386262656636646639663638323433626430326433623731366262
64613838306130373563633961633363373439316130343230326266303132323431316237313261
30383064636236303932666665636334656563346133616162353133653431326537313664646330
36383061653739396633636363633638646333363961346263383562613965383630653032636566
64636631333133326239303762623533336335343533613439666130373031633531313565326531
39313463643531393939383961613966393331643238383538646137646563623933656235336138
64363630306538303238373036376433623731356435616136303265333330336536633837353136
61633862373165666439376230343764643930643635636663623630316330313638356531373433
31386131343262393563643639376532303162363861313934633735643839333331636437323432
32613065636331613162653361376365356464343437313164366364346562643935653662353432
65343165396231643663623334663239653736303631373535343036313339316431656531346261
66616563343063373235396363613338623666386136613764316532356133373036333166343566
34323831323965346438633263393137656266323130356632633836383665613662333236393431
31383062363564633534383132646163353662383837633231396437336335366562376433343666
35353830643266353561643439373762316132633735333733613165643061633937303637343464
61623363313833306431613331313765333466643933393365393463636434646463653437643833
38336435333866386639663866363063326337643333646434313836373535386466633365373536
62353239366435356163393739323131653130323962653134303935653332306463386537326439
62376138393561333931663461386230363462633864313334656564303435373534666435363231
33646535386236653738623339636133353437626165626530353235363861326434663333366236
32616530316466623265613965346365653535656461653736326538616430346233343563626661
37636439386665366461393533386564636565633334343936653036643265313966366134396331
34343934393131623065643565623236366265326662373837626262313832336262306634613030
31343762346362636564636633666463613031613766653939613537666261336564363132306333
35386538393034313039303134373866393130613038646136376339343030343136613365376362
36326163636535303736653261303363666331343831386434373132626236623665383966383036
36373031386362393730363364623131626337353437613838663863393330663234663639313732
30336331353636616662646231373631646533303366646231646339393639383635363234326364
62373436396534353961633361636532306364373366383362303262653365353636323866346232
33326634396533646137363239323463653264376635306161363039643632336663653631353632
61663637363030643565316437383230633364653738316330626463313035653862393236656537
39353062613264643530343661356362386462626339383431363930326235663561316661373464
39323437613664356633343261663635323239353132633038643238333537333138626666623464
38653433646166653262366239396563393561613863373537336432616138663565306239323930
33633463643132323736646664346432396464376562623332613733626439376239336161656239
37636331353964326462653331353233623333303435373337346334376264646138633039336165
65663063633932323531336532366635613862643530643037346637373439383936646539613739
37306661343234663964353264386539656331396630363432353230633039393233616462646564
62626639346337633765346636343930333234383034393037366165623832363333393234326237
63343236326264346335643135653366633961613832633033636661663437353538323563633366
32316562396437353532633233356532343464656132663239396461386364323337653638363637
39316539633564346539653365616339633830626366393131353739393232373733363132333639
39656362326632323166373232316365333239656131373662613861373738616339373336303138
66663633626239653436373261653333666332633161666161393030393630633730393937663562
39346138353365636465633632343865636639643236653863393065386234396562636530326362
37353135663563356462363063636163323835323165663266313031323861636533663662383339
31646433303035303834643865333632383431303832613762383566646630653964396638313762
30616562653233656630626363356636396638363238363766656264636562643732353536373036
65356635303866353933363531363632633736363837616433303637363261633434303236336364
63633231313832356334396632326332353562383437316430626335643565303965663566626162
39326439333633373061623062363362336436333564333262303261613036656230303537616263
39306539666335616136666262646566336439323530336366363539396431656335363130363966
36636264663733636537383062303435643939386630323263343637333930336332376437336638
65383630303965613730656138633032616231613734323435613639343230366663313431626630
62306464313134373038353137333636323963636266343239303133623066663566393639643761
65383764313632386234336261316362623435633765386435306464353133316435653332623535
64363235623865313933333965313363346661373566393864646434393861373136636261393838
37386166646531653262393862343530356431366465316362656363623538393834633863366638
62303961343734626565363866616634313430363634613364646539323831356435366638363362
65363337336539366532376364306238363932313538333239313431323737383433653765326165
32346664303830383865643938363334313137316334616338353935373231633731373564363833
33386635323161633931393266393437623466646335663532366264356435346333396330393462
36663866623861633032663230376335633533356136626530396562383866353861396262643432
38376637343036643934623233396366313230373132383764623031313366366337656131386232
66633230353339356661363366393439393834663934343737376335383461376230646135633439
37653761326130656530656336396334613730363939646233666434393939323361626666383635
30393131353631343636643333663132636433346430623064363136323138313161633061353063
33393434366261653138656362343438383630346332623635666539373963656664626264333737
38646637643534626436643034623934643430666438323966343236336664666632653130623264
39333661306530366133633434393066386639616331386466323162616639383066356135613434
30613035626564386364336231383334306437373565373833303836303862613065623636646233
35303765383233376139353031363965613735613130303435626566313632626465373338373533
63623163383065366163383235316563663934393461386262383566323831666434353630653631
3865653931333265323338343936646236326638313431653563
